{
    "transform": {
        "0": [
            1.0,
            -0.0,
            0.0,
            0.0,
            1.0,
            0.0,
            0.0,
            0.0,
            1.0
        ],
        "1": [
            0.9944851994514465,
            -0.10487677156925201,
            0.0,
            0.10487677156925201,
            0.9944851994514465,
            0.0,
            0.0,
            0.0,
            1.0
        ],
        "2": [
            0.9780017137527466,
            -0.20859679579734802,
            0.0,
            0.20859679579734802,
            0.9780017137527466,
            0.0,
            0.0,
            0.0,
            1.0
        ],
        "3": [
            0.9507312774658203,
            -0.31001609563827515,
            0.0,
            0.31001609563827515,
            0.9507312774658203,
            0.0,
            0.0,
            0.0,
            1.0
        ],
        "4": [
            0.9129747748374939,
            -0.40801605582237244,
            0.0,
            0.40801605582237244,
            0.9129747748374939,
            0.0,
            0.0,
            0.0,
            1.0
        ],
        "5": [
            0.8651484847068787,
            -0.501515805721283,
            0.0,
            0.501515805721283,
            0.8651484847068787,
            0.0,
            0.0,
            0.0,
            1.0
        ],
        "6": [
            0.8077800273895264,
            -0.5894840359687805,
            0.0,
            0.5894840359687805,
            0.8077800273895264,
            0.0,
            0.0,
            0.0,
            1.0
        ],
        "7": [
            0.7415021061897278,
            -0.6709505319595337,
            0.0,
            0.6709505319595337,
            0.7415021061897278,
            0.0,
            0.0,
            0.0,
            1.0
        ],
        "8": [
            0.6670457720756531,
            -0.7450166940689087,
            0.0,
            0.7450166940689087,
            0.6670457720756531,
            0.0,
            0.0,
            0.0,
            1.0
        ],
        "9": [
            0.5852322578430176,
            -0.8108657002449036,
            0.0,
            0.8108657002449036,
            0.5852322578430176,
            0.0,
            0.0,
            0.0,
            1.0
        ],
        "10": [
            0.49696382880210876,
            -0.8677712678909302,
            0.0,
            0.8677712678909302,
            0.49696382880210876,
            0.0,
            0.0,
            0.0,
            1.0
        ],
        "11": [
            0.40321412682533264,
            -0.9151056408882141,
            0.0,
            0.9151056408882141,
            0.40321412682533264,
            0.0,
            0.0,
            0.0,
            1.0
        ],
        "12": [
            0.3050171732902527,
            -0.9523468613624573,
            0.0,
            0.9523468613624573,
            0.3050171732902527,
            0.0,
            0.0,
            0.0,
            1.0
        ],
        "13": [
            0.20345601439476013,
            -0.9790840744972229,
            0.0,
            0.9790840744972229,
            0.20345601439476013,
            0.0,
            0.0,
            0.0,
            1.0
        ],
        "14": [
            0.09965082257986069,
            -0.9950224757194519,
            0.0,
            0.9950224757194519,
            0.09965082257986069,
            0.0,
            0.0,
            0.0,
            1.0
        ],
        "15": [
            -0.005253475159406662,
            -0.9999861717224121,
            0.0,
            0.9999861717224121,
            -0.005253475159406662,
            0.0,
            0.0,
            0.0,
            1.0
        ],
        "16": [
            -0.11009982973337173,
            -0.9939205050468445,
            0.0,
            0.9939205050468445,
            -0.11009982973337173,
            0.0,
            0.0,
            0.0,
            1.0
        ],
        "17": [
            -0.2137318253517151,
            -0.976892352104187,
            0.0,
            0.976892352104187,
            -0.2137318253517151,
            0.0,
            0.0,
            0.0,
            1.0
        ],
        "18": [
            -0.31500646471977234,
            -0.949089527130127,
            0.0,
            0.949089527130127,
            -0.31500646471977234,
            0.0,
            0.0,
            0.0,
            1.0
        ],
        "19": [
            -0.4128067195415497,
            -0.9108186364173889,
            0.0,
            0.9108186364173889,
            -0.4128067195415497,
            0.0,
            0.0,
            0.0,
            1.0
        ],
        "20": [
            -0.5060539245605469,
            -0.862501859664917,
            0.0,
            0.862501859664917,
            -0.5060539245605469,
            0.0,
            0.0,
            0.0,
            1.0
        ],
        "21": [
            -0.5937195420265198,
            -0.8046720623970032,
            0.0,
            0.8046720623970032,
            -0.5937195420265198,
            0.0,
            0.0,
            0.0,
            1.0
        ],
        "22": [
            -0.6748366951942444,
            -0.7379670739173889,
            0.0,
            0.7379670739173889,
            -0.6748366951942444,
            0.0,
            0.0,
            0.0,
            1.0
        ],
        "23": [
            -0.7485107779502869,
            -0.6631226539611816,
            0.0,
            0.6631226539611816,
            -0.7485107779502869,
            0.0,
            0.0,
            0.0,
            1.0
        ],
        "24": [
            -0.81392902135849,
            -0.5809642672538757,
            0.0,
            0.5809642672538757,
            -0.81392902135849,
            0.0,
            0.0,
            0.0,
            1.0
        ],
        "25": [
            -0.870370090007782,
            -0.49239814281463623,
            0.0,
            0.49239814281463623,
            -0.870370090007782,
            0.0,
            0.0,
            0.0,
            1.0
        ],
        "26": [
            -0.9172112941741943,
            -0.39840108156204224,
            0.0,
            0.39840108156204224,
            -0.9172112941741943,
            0.0,
            0.0,
            0.0,
            1.0
        ],
        "27": [
            -0.9539361000061035,
            -0.3000098466873169,
            0.0,
            0.3000098466873169,
            -0.9539361000061035,
            0.0,
            0.0,
            0.0,
            1.0
        ],
        "28": [
            -0.980139434337616,
            -0.19830961525440216,
            0.0,
            0.19830961525440216,
            -0.980139434337616,
            0.0,
            0.0,
            0.0,
            1.0
        ],
        "29": [
            -0.9955322742462158,
            -0.0944221168756485,
            0.0,
            0.0944221168756485,
            -0.9955322742462158,
            0.0,
            0.0,
            0.0,
            1.0
        ],
        "30": [
            -0.999944806098938,
            0.010506805963814259,
            0.0,
            -0.010506805963814259,
            -0.999944806098938,
            0.0,
            0.0,
            0.0,
            1.0
        ],
        "31": [
            -0.9933283925056458,
            0.11531984806060791,
            0.0,
            -0.11531984806060791,
            -0.9933283925056458,
            0.0,
            0.0,
            0.0,
            1.0
        ],
        "32": [
            -0.975756049156189,
            0.2188609540462494,
            0.0,
            -0.2188609540462494,
            -0.975756049156189,
            0.0,
            0.0,
            0.0,
            1.0
        ],
        "33": [
            -0.9474215507507324,
            0.3199881315231323,
            0.0,
            -0.3199881315231323,
            -0.9474215507507324,
            0.0,
            0.0,
            0.0,
            1.0
        ],
        "34": [
            -0.9086374044418335,
            0.41758599877357483,
            0.0,
            -0.41758599877357483,
            -0.9086374044418335,
            0.0,
            0.0,
            0.0,
            1.0
        ],
        "35": [
            -0.8598313927650452,
            0.5105780363082886,
            0.0,
            -0.5105780363082886,
            -0.8598313927650452,
            0.0,
            0.0,
            0.0,
            1.0
        ],
        "36": [
            -0.8015418648719788,
            0.5979386568069458,
            0.0,
            -0.5979386568069458,
            -0.8015418648719788,
            0.0,
            0.0,
            0.0,
            1.0
        ],
        "37": [
            -0.7344116568565369,
            0.6787043213844299,
            0.0,
            -0.6787043213844299,
            -0.7344116568565369,
            0.0,
            0.0,
            0.0,
            1.0
        ],
        "38": [
            -0.6591812372207642,
            0.7519841194152832,
            0.0,
            -0.7519841194152832,
            -0.6591812372207642,
            0.0,
            0.0,
            0.0,
            1.0
        ],
        "39": [
            -0.5766803026199341,
            0.8169698715209961,
            0.0,
            -0.8169698715209961,
            -0.5766803026199341,
            0.0,
            0.0,
            0.0,
            1.0
        ],
        "40": [
            -0.4878188967704773,
            0.8729448318481445,
            0.0,
            -0.8729448318481445,
            -0.4878188967704773,
            0.0,
            0.0,
            0.0,
            1.0
        ],
        "41": [
            -0.39357703924179077,
            0.919291615486145,
            0.0,
            -0.919291615486145,
            -0.39357703924179077,
            0.0,
            0.0,
            0.0,
            1.0
        ],
        "42": [
            -0.29499420523643494,
            0.9554990530014038,
            0.0,
            -0.9554990530014038,
            -0.29499420523643494,
            0.0,
            0.0,
            0.0,
            1.0
        ],
        "43": [
            -0.19315773248672485,
            0.981167733669281,
            0.0,
            -0.981167733669281,
            -0.19315773248672485,
            0.0,
            0.0,
            0.0,
            1.0
        ],
        "44": [
            -0.08919081091880798,
            0.9960145354270935,
            0.0,
            -0.9960145354270935,
            -0.08919081091880798,
            0.0,
            0.0,
            0.0,
            1.0
        ],
        "45": [
            0.015759846195578575,
            0.9998757839202881,
            0.0,
            -0.9998757839202881,
            0.015759846195578575,
            0.0,
            0.0,
            0.0,
            1.0
        ],
        "46": [
            0.1205366775393486,
            0.9927088618278503,
            0.0,
            -0.9927088618278503,
            0.1205366775393486,
            0.0,
            0.0,
            0.0,
            1.0
        ],
        "47": [
            0.22398404777050018,
            0.9745928049087524,
            0.0,
            -0.9745928049087524,
            0.22398404777050018,
            0.0,
            0.0,
            0.0,
            1.0
        ],
        "48": [
            0.32496097683906555,
            0.9457274079322815,
            0.0,
            -0.9457274079322815,
            0.32496097683906555,
            0.0,
            0.0,
            0.0,
            1.0
        ],
        "49": [
            0.42235371470451355,
            0.9064310789108276,
            0.0,
            -0.9064310789108276,
            0.42235371470451355,
            0.0,
            0.0,
            0.0,
            1.0
        ],
        "50": [
            0.5150880813598633,
            0.8571372628211975,
            0.0,
            -0.8571372628211975,
            0.5150880813598633,
            0.0,
            0.0,
            0.0,
            1.0
        ],
        "51": [
            0.6021413207054138,
            0.7983895540237427,
            0.0,
            -0.7983895540237427,
            0.6021413207054138,
            0.0,
            0.0,
            0.0,
            1.0
        ],
        "52": [
            0.6825531721115112,
            0.7308359742164612,
            0.0,
            -0.7308359742164612,
            0.6825531721115112,
            0.0,
            0.0,
            0.0,
            1.0
        ],
        "53": [
            0.7554367184638977,
            0.6552215814590454,
            0.0,
            -0.6552215814590454,
            0.7554367184638977,
            0.0,
            0.0,
            0.0,
            1.0
        ],
        "54": [
            0.8199881911277771,
            0.5723804235458374,
            0.0,
            -0.5723804235458374,
            0.8199881911277771,
            0.0,
            0.0,
            0.0,
            1.0
        ],
        "55": [
            0.8754955530166626,
            0.4832261800765991,
            0.0,
            -0.4832261800765991,
            0.8754955530166626,
            0.0,
            0.0,
            0.0,
            1.0
        ],
        "56": [
            0.9213466048240662,
            0.3887421488761902,
            0.0,
            -0.3887421488761902,
            0.9213466048240662,
            0.0,
            0.0,
            0.0,
            1.0
        ],
        "57": [
            0.9570356011390686,
            0.2899704575538635,
            0.0,
            -0.2899704575538635,
            0.9570356011390686,
            0.0,
            0.0,
            0.0,
            1.0
        ],
        "58": [
            0.9821689128875732,
            0.18800053000450134,
            0.0,
            -0.18800053000450134,
            0.9821689128875732,
            0.0,
            0.0,
            0.0,
            1.0
        ],
        "59": [
            0.9964693784713745,
            0.08395704627037048,
            0.0,
            -0.08395704627037048,
            0.9964693784713745,
            0.0,
            0.0,
            0.0,
            1.0
        ]
    }
}