{
  "camera": {
    "width": 2295,
    "height": 1530,
    "fov": 52.225377991520559232873093703223
  },
  "trajectory": {
    "0": [
        [
            -0.37418103218078613,
            -0.9107882976531982,
            0.17450864613056183,
            2.234926223754883
        ],
        [
            0.899405837059021,
            -0.31056851148605347,
            0.30759763717651367,
            3.09140682220459
        ],
        [
            -0.2259594202041626,
            0.27205130457878113,
            0.9353771805763245,
            8.8175048828125
        ],
        [
            0.0,
            0.0,
            0.0,
            1.0
        ]
    ],
    "1": [
        [
            -0.37418103218078613,
            -0.9107882976531982,
            0.17450864613056183,
            2.234926223754883
        ],
        [
            0.899405837059021,
            -0.31056851148605347,
            0.30759763717651367,
            3.09140682220459
        ],
        [
            -0.2259594202041626,
            0.27205130457878113,
            0.9353771805763245,
            8.8175048828125
        ],
        [
            0.0,
            0.0,
            0.0,
            1.0
        ]
    ],
    "2": [
        [
            -0.37418103218078613,
            -0.9107882976531982,
            0.17450864613056183,
            2.234926223754883
        ],
        [
            0.899405837059021,
            -0.31056851148605347,
            0.30759763717651367,
            3.09140682220459
        ],
        [
            -0.2259594202041626,
            0.27205130457878113,
            0.9353771805763245,
            8.8175048828125
        ],
        [
            0.0,
            0.0,
            0.0,
            1.0
        ]
    ],
    "3": [
        [
            -0.37418103218078613,
            -0.9107882976531982,
            0.17450864613056183,
            2.234926223754883
        ],
        [
            0.899405837059021,
            -0.31056851148605347,
            0.30759763717651367,
            3.09140682220459
        ],
        [
            -0.2259594202041626,
            0.27205130457878113,
            0.9353771805763245,
            8.8175048828125
        ],
        [
            0.0,
            0.0,
            0.0,
            1.0
        ]
    ],
    "4": [
        [
            -0.37418103218078613,
            -0.9107882976531982,
            0.17450864613056183,
            2.234926223754883
        ],
        [
            0.899405837059021,
            -0.31056851148605347,
            0.30759763717651367,
            3.09140682220459
        ],
        [
            -0.2259594202041626,
            0.27205130457878113,
            0.9353771805763245,
            8.8175048828125
        ],
        [
            0.0,
            0.0,
            0.0,
            1.0
        ]
    ],
    "5": [
        [
            -0.37418103218078613,
            -0.9107882976531982,
            0.17450864613056183,
            2.234926223754883
        ],
        [
            0.899405837059021,
            -0.31056851148605347,
            0.30759763717651367,
            3.09140682220459
        ],
        [
            -0.2259594202041626,
            0.27205130457878113,
            0.9353771805763245,
            8.8175048828125
        ],
        [
            0.0,
            0.0,
            0.0,
            1.0
        ]
    ],
    "6": [
        [
            -0.37418103218078613,
            -0.9107882976531982,
            0.17450864613056183,
            2.234926223754883
        ],
        [
            0.899405837059021,
            -0.31056851148605347,
            0.30759763717651367,
            3.09140682220459
        ],
        [
            -0.2259594202041626,
            0.27205130457878113,
            0.9353771805763245,
            8.8175048828125
        ],
        [
            0.0,
            0.0,
            0.0,
            1.0
        ]
    ],
    "7": [
        [
            -0.37418103218078613,
            -0.9107882976531982,
            0.17450864613056183,
            2.234926223754883
        ],
        [
            0.899405837059021,
            -0.31056851148605347,
            0.30759763717651367,
            3.09140682220459
        ],
        [
            -0.2259594202041626,
            0.27205130457878113,
            0.9353771805763245,
            8.8175048828125
        ],
        [
            0.0,
            0.0,
            0.0,
            1.0
        ]
    ],
    "8": [
        [
            -0.37418103218078613,
            -0.9107882976531982,
            0.17450864613056183,
            2.234926223754883
        ],
        [
            0.899405837059021,
            -0.31056851148605347,
            0.30759763717651367,
            3.09140682220459
        ],
        [
            -0.2259594202041626,
            0.27205130457878113,
            0.9353771805763245,
            8.8175048828125
        ],
        [
            0.0,
            0.0,
            0.0,
            1.0
        ]
    ],
    "9": [
        [
            -0.37418103218078613,
            -0.8988356590270996,
            0.22821703553199768,
            2.949087619781494
        ],
        [
            0.899405837059021,
            -0.29177936911582947,
            0.32547488808631897,
            3.3291211128234863
        ],
        [
            -0.2259594202041626,
            0.327046275138855,
            0.9175963401794434,
            8.581072807312012
        ],
        [
            0.0,
            0.0,
            0.0,
            1.0
        ]
    ],
    "10": [
        [
            -0.3750896155834198,
            -0.8661270141601562,
            0.3303510546684265,
            4.307165622711182
        ],
        [
            0.8977829813957214,
            -0.25067228078842163,
            0.36214524507522583,
            3.816727638244629
        ],
        [
            -0.23085391521453857,
            0.4324204623699188,
            0.8716186285018921,
            7.9697065353393555
        ],
        [
            0.0,
            0.0,
            0.0,
            1.0
        ]
    ],
    "11": [
        [
            -0.37687593698501587,
            -0.8113938570022583,
            0.4467712640762329,
            5.855207443237305
        ],
        [
            0.8944633603096008,
            -0.19350269436836243,
            0.40310296416282654,
            4.3613433837890625
        ],
        [
            -0.24062380194664001,
            0.5515403151512146,
            0.7986885905265808,
            6.9999542236328125
        ],
        [
            0.0,
            0.0,
            0.0,
            1.0
        ]
    ],
    "12": [
        [
            -0.3786209225654602,
            -0.7406598925590515,
            0.5550397634506226,
            7.294856071472168
        ],
        [
            0.8910456895828247,
            -0.1294718235731125,
            0.43505704402923584,
            4.7862372398376465
        ],
        [
            -0.25036731362342834,
            0.6592874526977539,
            0.708982527256012,
            5.807130813598633
        ],
        [
            0.0,
            0.0,
            0.0,
            1.0
        ]
    ],
    "13": [
        [
            -0.3803243935108185,
            -0.6556217670440674,
            0.6523139476776123,
            8.588313102722168
        ],
        [
            0.8875302672386169,
            -0.060382939875125885,
            0.4567755162715912,
            5.075028419494629
        ],
        [
            -0.2600833475589752,
            0.7526712417602539,
            0.6048492789268494,
            4.422469139099121
        ],
        [
            0.0,
            0.0,
            0.0,
            1.0
        ]
    ],
    "14": [
        [
            -0.381986141204834,
            -0.5598888993263245,
            0.7352625727653503,
            9.691282272338867
        ],
        [
            0.8839175701141357,
            0.010899554938077927,
            0.4675157070159912,
            5.217840671539307
        ],
        [
            -0.26977086067199707,
            0.8284960389137268,
            0.4907321333885193,
            2.90505051612854
        ],
        [
            0.0,
            0.0,
            0.0,
            1.0
        ]
    ],
    "15": [
        [
            -0.3865930140018463,
            -0.54672771692276,
            0.7427210807800293,
            9.790457725524902
        ],
        [
            0.8728283047676086,
            0.04319575056433678,
            0.48611199855804443,
            5.465116024017334
        ],
        [
            -0.2978533208370209,
            0.8361954689025879,
            0.4605002701282501,
            2.5030572414398193
        ],
        [
            0.0,
            0.0,
            0.0,
            1.0
        ]
    ],
    "16": [
        [
            -0.3865930140018463,
            -0.54672771692276,
            0.7427210807800293,
            9.790457725524902
        ],
        [
            0.8728283047676086,
            0.04319575056433678,
            0.48611199855804443,
            5.465116024017334
        ],
        [
            -0.2978533208370209,
            0.8361954689025879,
            0.4605002701282501,
            2.5030572414398193
        ],
        [
            0.0,
            0.0,
            0.0,
            1.0
        ]
    ],
    "17": [
        [
            -0.3865930140018463,
            -0.54672771692276,
            0.7427210807800293,
            9.790457725524902
        ],
        [
            0.8728283047676086,
            0.04319575056433678,
            0.48611199855804443,
            5.465116024017334
        ],
        [
            -0.2978533208370209,
            0.8361954689025879,
            0.4605002701282501,
            2.5030572414398193
        ],
        [
            0.0,
            0.0,
            0.0,
            1.0
        ]
    ],
    "18": [
        [
            -0.3865930140018463,
            -0.54672771692276,
            0.7427210807800293,
            9.790457725524902
        ],
        [
            0.8728283047676086,
            0.04319575056433678,
            0.48611199855804443,
            5.465116024017334
        ],
        [
            -0.2978533208370209,
            0.8361954689025879,
            0.4605002701282501,
            2.5030572414398193
        ],
        [
            0.0,
            0.0,
            0.0,
            1.0
        ]
    ],
    "19": [
        [
            -0.3865930140018463,
            -0.54672771692276,
            0.7427210807800293,
            9.790457725524902
        ],
        [
            0.8728283047676086,
            0.04319575056433678,
            0.48611199855804443,
            5.465116024017334
        ],
        [
            -0.2978533208370209,
            0.8361954689025879,
            0.4605002701282501,
            2.5030572414398193
        ],
        [
            0.0,
            0.0,
            0.0,
            1.0
        ]
    ],
    "20": [
        [
            -0.3865930140018463,
            -0.54672771692276,
            0.7427210807800293,
            9.790457725524902
        ],
        [
            0.8728283047676086,
            0.04319575056433678,
            0.48611199855804443,
            5.465116024017334
        ],
        [
            -0.2978533208370209,
            0.8361954689025879,
            0.4605002701282501,
            2.5030572414398193
        ],
        [
            0.0,
            0.0,
            0.0,
            1.0
        ]
    ],
    "21": [
        [
            -0.38621219992637634,
            -0.5684663653373718,
            0.7264200448989868,
            9.573702812194824
        ],
        [
            0.873810887336731,
            0.02677556313574314,
            0.48552820086479187,
            5.457353115081787
        ],
        [
            -0.29545676708221436,
            0.8222706913948059,
            0.4863910377025604,
            2.8473269939422607
        ],
        [
            0.0,
            0.0,
            0.0,
            1.0
        ]
    ],
    "22": [
        [
            -0.3857003450393677,
            -0.6121045351028442,
            0.6903356313705444,
            9.093888282775879
        ],
        [
            0.8751116394996643,
            -0.005695139989256859,
            0.48388758301734924,
            5.435537815093994
        ],
        [
            -0.29225820302963257,
            0.790756344795227,
            0.53785640001297,
            3.531663179397583
        ],
        [
            0.0,
            0.0,
            0.0,
            1.0
        ]
    ],
    "23": [
        [
            -0.38518378138542175,
            -0.6861289739608765,
            0.6171389222145081,
            8.120589256286621
        ],
        [
            0.8764017224311829,
            -0.06250663101673126,
            0.47750696539878845,
            5.35069465637207
        ],
        [
            -0.28905612230300903,
            0.724789559841156,
            0.6254011988639832,
            4.695748329162598
        ],
        [
            0.0,
            0.0,
            0.0,
            1.0
        ]
    ],
    "24": [
        [
            -0.38466253876686096,
            -0.7579482793807983,
            0.5268293619155884,
            6.919741630554199
        ],
        [
            0.8776811361312866,
            -0.1235833540558815,
            0.4630366265773773,
            5.158282279968262
        ],
        [
            -0.285850465297699,
            0.6405010223388672,
            0.7127748131752014,
            5.85755729675293
        ],
        [
            0.0,
            0.0,
            0.0,
            1.0
        ]
    ],
    "25": [
        [
            -0.3841366171836853,
            -0.8179546594619751,
            0.42823970317840576,
            5.608793258666992
        ],
        [
            0.8789498805999756,
            -0.18198762834072113,
            0.44082602858543396,
            4.862947463989258
        ],
        [
            -0.28264138102531433,
            0.5457386374473572,
            0.7888492941856384,
            6.8691205978393555
        ],
        [
            0.0,
            0.0,
            0.0,
            1.0
        ]
    ],
    "26": [
        [
            -0.383070707321167,
            -0.8989506959915161,
            0.21247225999832153,
            2.7397289276123047
        ],
        [
            0.8814552426338196,
            -0.28696146607398987,
            0.3750864267349243,
            3.98880672454834
        ],
        [
            -0.2762128412723541,
            0.3309693932533264,
            0.9023113250732422,
            8.377827644348145
        ],
        [
            0.0,
            0.0,
            0.0,
            1.0
        ]
    ],
    "27": [
        [
            -0.38253074884414673,
            -0.918660044670105,
            0.09866053611040115,
            1.2263721227645874
        ],
        [
            0.8826917409896851,
            -0.3318120539188385,
            0.3328002393245697,
            3.4265265464782715
        ],
        [
            -0.2729935348033905,
            0.21439316868782043,
            0.9378219842910767,
            8.850013732910156
        ],
        [
            0.0,
            0.0,
            0.0,
            1.0
        ]
    ],
    "28": [
        [
            -0.38253074884414673,
            -0.918660044670105,
            0.09866053611040115,
            1.2263721227645874
        ],
        [
            0.8826917409896851,
            -0.3318120539188385,
            0.3328002393245697,
            3.4265265464782715
        ],
        [
            -0.2729935348033905,
            0.21439316868782043,
            0.9378219842910767,
            8.850013732910156
        ],
        [
            0.0,
            0.0,
            0.0,
            1.0
        ]
    ],
    "29": [
        [
            -0.38253074884414673,
            -0.918660044670105,
            0.09866053611040115,
            1.2263721227645874
        ],
        [
            0.8826917409896851,
            -0.3318120539188385,
            0.3328002393245697,
            3.4265265464782715
        ],
        [
            -0.2729935348033905,
            0.21439316868782043,
            0.9378219842910767,
            8.850013732910156
        ],
        [
            0.0,
            0.0,
            0.0,
            1.0
        ]
    ]
}
}